



           ________0________
          |                 |
          |                 |
          |                 |
        5 |                 | 1
          |                 |
          |                 |
          |________6________|
          |                 |
          |                 |
          |                 |
        4 |                 | 2
          |                 |
          |                 |
          |________3________|
          
          
        0 - 1 1 1 1 1 1 0 - 1111110 - 126
        1 - 0 1 1 0 0 0 0 - 0110000 - 48
        2 - 1 1 0 1 1 0 1 - 1101101 - 109
        3 - 1 1 1 1 0 0 1 - 1111001 - 121
        4 - 0 1 1 0 0 1 1 - 0110011 - 51
        5 - 1 0 1 1 0 1 1 - 1011011 - 91
        6 - 1 0 1 1 1 1 1 - 1011111 - 95
        7 - 1 1 1 0 0 0 0 - 1110000 - 112
        8 - 1 1 1 1 1 1 1 - 1111111 - 127
        9 - 1 1 1 0 0 1 1 - 1110011 - 115
